3 -30 10.5 2.3562
4.5 -30 9 2.3562
4.5 -30 7.5 3.14159
4.5 -30 6 2.3562
6 -30 6 3.14159
6 -31.5 4.5 3.14159
4.5 -31.5 3 2.3562
4.5 -31.5 1.5 2.3562
4.5 -30 1.5 2.3562
4.5 -28.5 1.5 2.3562
4.5 -27 3 2.3562
4.5 -25.5 3 2.3562
4.5 -24 4.5 2.3562
6 -24 6 2.3562
6 -22.5 6 2.3562
6 -21 6 2.3562
6 -19.5 6 2.3562
6 -18 6 2.3562
6 -16.5 6 2.3562
6 -15 6 2.3562
6 -13.5 6 2.3562
6 -12 4.5 2.3562
6 -12 3 0.785397
6 -13.5 3 3.14159
6 -15 3 -2.3562
6 -16.5 3 -2.3562
6 -18 3 3.14159
6 -19.5 3 3.14159
6 -21 3 3.14159
4.5 -21 1.5 3.14159
3 -21 1.5 3.14159
1.5 -22.5 1.5 -2.3562
1.5 -24 1.5 -2.3562
1.5 -25.5 1.5 -2.3562
1.5 -27 1.5 2.3562
3 -27 1.5 -2.3562
3 -27 1.5 -1.5708
3 -27 1.5 3.14159
3 -28.5 1.5 -2.3562
3 -30 3 3.14159
3 -31.5 3 3.14159
3 -33 3 3.14159
3 -34.5 4.5 3.14159
3 -36 6 2.3562
1.5 -36 7.5 2.3562
0 -36 9 1.5708
-1.5 -34.5 9 1.5708
-1.5 -33 9 1.5708
-1.5 -31.5 9 1.5708
-3 -30 9 1.5708
-4.5 -30 7.5 0.785397
-6 -30 6 0
-6 -30 4.5 0.785397
-6 -31.5 4.5 0
-4.5 -33 4.5 0
-4.5 -33 3 0.785397
-4.5 -31.5 1.5 0.785397
-4.5 -30 1.5 0.785397
-4.5 -28.5 3 0.785397
-4.5 -27 3 0.785397
-4.5 -25.5 3 0.785397
-4.5 -24 4.5 0.785397
-6 -24 6 0.785397
-6 -24 7.5 0
-4.5 -22.5 7.5 0.785397
-4.5 -21 7.5 0.785397
-4.5 -19.5 9 0.785397
-4.5 -18 9 0.785397
-4.5 -16.5 9 0.785397
-4.5 -15 9 0.785397
-4.5 -13.5 9 0.785397
-4.5 -12 9 0.785397
-4.5 -10.5 9 0.785397
-4.5 -9 9 0.785397
-4.5 -9 7.5 1.5708
-4.5 -9 6 2.3562
-6 -9 6 0.785397
-7.5 -9 6 0
-7.5 -7.5 6 1.5708
-7.5 -7.5 4.5 0
-6 -7.5 3 0.785397
-6 -6 1.5 0.785397
-4.5 -4.5 1.5 3.14159
-4.5 -4.5 1.5 1.5708
-4.5 -3 1.5 0.785397
-4.5 -4.5 1.5 -2.3562
-6 -4.5 1.5 0
-7.5 -3 1.5 1.5708
-7.5 -3 1.5 0.785397
-7.5 -3 1.5 -0.785397
-6 -3 1.5 0
-4.5 -3 1.5 1.5708
-4.5 -3 1.5 -2.3562
-4.5 -3 1.5 3.14159
-4.5 -4.5 1.5 2.3562
-6 -6 1.5 0
-6 -7.5 1.5 0.785397
-6 -9 1.5 0
-6 -10.5 3 -0.785397
-6 -12 3 2.3562
-6 -13.5 3 -0.785397
-7.5 -12 3 2.3562
-7.5 -12 4.5 0
-7.5 -10.5 4.5 1.5708
-7.5 -9 6 1.5708
-6 -7.5 6 0.785397
-4.5 -6 6 1.5708
-4.5 -4.5 6 1.5708
-4.5 -3 6 1.5708
-4.5 -1.5 6 1.5708
-4.5 0 6 3.14159
-4.5 1.5 6 0.785397
-4.5 1.5 7.5 0
-4.5 3 7.5 0.785397
-4.5 4.5 7.5 0.785397
-4.5 6 6 -2.3562
-4.5 7.5 6 0.785397
-6 7.5 4.5 0
-6 7.5 3 -0.785397
-6 9 3 0
-6 10.5 3 0.785397
-6 12 3 0.785397
-6 13.5 4.5 0.785397
-6 13.5 6 0
-6 15 6 0.785397
-6 15 7.5 0
-4.5 16.5 7.5 0.785397
-4.5 18 9 0.785397
-4.5 19.5 9 0.785397
-4.5 21 9 0.785397
-4.5 22.5 9 0.785397
-4.5 24 9 0.785397
-4.5 25.5 9 0.785397
-4.5 27 9 0.785397
-4.5 27 9 1.5708
-4.5 28.5 9 0.785397
-4.5 30 9 2.3562
-6 30 10.5 0
-4.5 30 10.5 0
-4.5 30 9 0.785397
-4.5 28.5 9 1.5708
-4.5 27 7.5 1.5708
-4.5 27 6 0
-4.5 25.5 6 -0.785397
-4.5 25.5 4.5 0
-4.5 25.5 3 -0.785397
-4.5 24 3 -0.785397
-4.5 24 3 0.785397
-3 22.5 3 -0.785397
-3 22.5 1.5 -0.785397
-3 21 1.5 -0.785397
-3 19.5 3 0.785397
-3 19.5 3 0
-3 18 1.5 0
-3 16.5 1.5 0
-3 16.5 1.5 0.785397
-4.5 16.5 1.5 0
-3 15 1.5 0
-3 13.5 1.5 -0.785397
-1.5 12 1.5 -0.785397
-1.5 10.5 1.5 -0.785397
-1.5 9 0 -1.5708
-1.5 7.5 0 -0.785397
-3 7.5 0 -1.5708
-3 7.5 0 -2.3562
-3 7.5 -1.5 -1.5708
-3 6 -1.5 -0.785397
-3 6 0 -1.5708
-1.5 4.5 0 0
0 4.5 0 -0.785397
1.5 4.5 0 -1.5708
1.5 6 0 -0.785397
3 6 0 -1.5708
4.5 6 1.5 -2.3562
4.5 6 3 -0.785397
4.5 6 4.5 -1.5708
6 6 4.5 2.3562
6 6 6 3.14159
6 6 6 -2.3562
6 6 6 -0.785397
6 7.5 6 2.3562
6 9 6 2.3562
6 10.5 6 2.3562
6 12 6 2.3562
6 13.5 6 2.3562
6 15 6 2.3562
6 16.5 6 2.3562
6 18 6 2.3562
6 19.5 6 2.3562
6 21 6 2.3562
6 22.5 6 2.3562
6 24 6 1.5708
6 25.5 6 2.3562
7.5 27 6 1.5708
6 28.5 6 3.14159
6 28.5 6 2.3562
7.5 28.5 6 1.5708
7.5 28.5 7.5 1.5708
6 28.5 9 3.14159
7.5 28.5 9 2.3562
7.5 30 9 0.785397
6 31.5 9 3.14159
7.5 31.5 9 3.14159
9 31.5 9 3.14159
9 31.5 9 1.5708
9 30 9 1.5708
7.5 30 9 2.3562
6 28.5 9 2.3562
4.5 27 9 -2.3562
4.5 25.5 9 -2.3562
3 27 9 1.5708
4.5 28.5 9 3.14159
4.5 28.5 9 2.3562
3 28.5 10.5 2.3562
3 28.5 12 2.3562
3 28.5 13.5 2.3562
3 30 15 2.3562
3 28.5 15 1.5708
3 30 13.5 3.14159
3 31.5 15 3.14159
3 33 15 2.3562
3 33 15 -2.3562
3 33 16.5 3.14159
3 31.5 15 -2.3562
1.5 30 15 1.5708
1.5 28.5 15 1.5708
1.5 30 13.5 -2.3562
1.5 31.5 13.5 -2.3562
3 33 13.5 3.14159
3 31.5 12 3.14159
1.5 31.5 12 -1.5708
1.5 33 12 2.3562
1.5 31.5 13.5 1.5708
1.5 33 15 3.14159
1.5 34.5 16.5 2.3562
1.5 33 16.5 -2.3562
1.5 33 15 -2.3562
1.5 34.5 15 2.3562
1.5 33 13.5 2.3562
1.5 31.5 12 2.3562
1.5 30 10.5 0.785397
1.5 28.5 9 0.785397
1.5 27 9 0.785397
1.5 25.5 9 0.785397
1.5 24 10.5 -1.5708
1.5 22.5 10.5 -1.5708
1.5 21 10.5 -1.5708
1.5 19.5 9 -1.5708
0 18 9 -1.5708
0 16.5 9 -1.5708
0 15 9 -1.5708
0 13.5 9 -1.5708
0 12 9 -1.5708
-1.5 10.5 9 -1.5708
-1.5 9 9 -1.5708
-1.5 7.5 9 -0.785397
-1.5 6 9 -1.5708
-1.5 4.5 9 -1.5708
-1.5 3 9 -1.5708
-1.5 1.5 9 -1.5708
-1.5 0 9 -0.785397
0 0 9 -1.5708
1.5 0 9 -1.5708
3 0 7.5 -0.785397
4.5 0 6 -2.3562
4.5 -1.5 6 0
6 -1.5 6 3.14159
7.5 -1.5 6 3.14159
7.5 0 6 0
7.5 1.5 7.5 0
9 1.5 7.5 0
10.5 3 7.5 0
12 3 7.5 0
13.5 3 7.5 0
15 3 7.5 0.785397
16.5 3 7.5 0.785397
18 4.5 7.5 0.785397
19.5 6 7.5 0.785397
21 7.5 7.5 0
22.5 9 7.5 0
24 9 7.5 0
22.5 7.5 7.5 -2.3562
22.5 6 7.5 -2.3562
22.5 4.5 7.5 -2.3562
24 4.5 6 -2.3562
24 4.5 4.5 3.14159
24 3 4.5 -2.3562
24 1.5 4.5 -2.3562
24 1.5 4.5 1.5708
24 3 4.5 1.5708
24 4.5 4.5 2.3562
22.5 6 4.5 3.14159
21 6 3 3.14159
19.5 7.5 3 -2.3562
19.5 7.5 3 3.14159
18 6 3 -2.3562
18 6 1.5 -1.5708
16.5 6 3 -2.3562
15 4.5 3 -0.785397
15 4.5 3 -2.3562
13.5 3 3 -2.3562
12 1.5 3 -2.3562
12 0 3 0
12 -1.5 3 -2.3562
10.5 -1.5 1.5 3.14159
10.5 -1.5 3 1.5708
10.5 -1.5 3 0.785397
10.5 0 3 2.3562
10.5 1.5 3 -2.3562
10.5 0 3 0.785397
10.5 0 1.5 -2.3562
9 0 1.5 -2.3562
7.5 0 1.5 -2.3562
7.5 -1.5 1.5 -2.3562
7.5 -3 1.5 -2.3562
6 -3 1.5 -0.785397
6 -3 1.5 3.14159
6 -3 1.5 2.3562
4.5 -4.5 1.5 0
4.5 -6 1.5 1.5708
6 -6 1.5 3.14159
6 -7.5 3 0
6 -9 4.5 1.5708
6 -9 6 2.3562
6 -9 6 0.785397
6 -7.5 6 1.5708
6 -7.5 6 3.14159
6 -6 6 1.5708
6 -6 6 0.785397
6 -7.5 6 2.3562
4.5 -7.5 6 0
4.5 -6 6 2.3562
4.5 -4.5 6 1.5708
4.5 -3 6 1.5708
4.5 -1.5 6 0.785397
6 0 6 2.3562
6 1.5 6 2.3562
6 3 6 0
6 4.5 4.5 2.3562
6 4.5 3 3.14159
6 4.5 1.5 3.14159
6 4.5 1.5 -2.3562
7.5 4.5 1.5 -2.3562
7.5 6 1.5 3.14159
6 7.5 1.5 2.3562
4.5 9 1.5 2.3562
3 9 1.5 -2.3562
1.5 9 1.5 -2.3562
1.5 10.5 1.5 1.5708
3 12 1.5 1.5708
4.5 12 1.5 -2.3562
4.5 12 3 3.14159
6 12 4.5 -2.3562
6 13.5 4.5 2.3562
6 15 4.5 2.3562
4.5 15 3 1.5708
4.5 16.5 1.5 2.3562
4.5 18 1.5 2.3562
4.5 19.5 3 2.3562
6 21 3 2.3562
4.5 22.5 3 2.3562
3 22.5 3 2.3562
4.5 22.5 1.5 3.14159
4.5 24 3 2.3562
4.5 25.5 4.5 2.3562
6 27 4.5 2.3562
6 28.5 4.5 2.3562
4.5 28.5 4.5 3.14159
3 28.5 4.5 2.3562
4.5 30 4.5 3.14159
6 30 4.5 2.3562
7.5 30 6 2.3562
7.5 28.5 6 0.785397
6 27 6 3.14159
6 25.5 6 3.14159
4.5 25.5 7.5 0.785397
4.5 24 9 -2.3562
4.5 22.5 9 3.14159
3 21 9 1.5708
1.5 19.5 9 1.5708
1.5 18 9 2.3562
1.5 16.5 10.5 -1.5708
0 15 10.5 1.5708
-1.5 15 9 -1.5708
-1.5 13.5 9 -1.5708
-1.5 12 9 -1.5708
-3 12 7.5 -0.785397
-4.5 12 9 -0.785397
-4.5 13.5 9 0.785397
-4.5 15 9 0.785397
-4.5 13.5 7.5 0
-6 13.5 6 -0.785397
-6 12 4.5 0
-6 10.5 3 -1.5708
-6 9 4.5 -1.5708
-7.5 7.5 4.5 -2.3562
-9 7.5 4.5 -2.3562
-9 6 6 -2.3562
-10.5 6 7.5 -2.3562
-12 6 7.5 3.14159
-12 4.5 7.5 -2.3562
-13.5 4.5 7.5 3.14159
-15 4.5 7.5 3.14159
-15 4.5 7.5 -2.3562
-16.5 4.5 7.5 3.14159
-18 4.5 7.5 2.3562
-19.5 6 7.5 2.3562
-21 7.5 7.5 3.14159
-22.5 9 7.5 3.14159
-24 9 7.5 3.14159
-24 9 9 3.14159
-24 10.5 7.5 -0.785397
-22.5 12 7.5 -2.3562
-21 12 7.5 -1.5708
-19.5 12 6 -1.5708
-18 10.5 6 -0.785397
-18 10.5 7.5 -1.5708
-16.5 9 7.5 -1.5708
-15 9 7.5 -1.5708
-13.5 9 7.5 -2.3562
-13.5 9 6 -2.3562
-13.5 9 6 -1.5708
-13.5 7.5 7.5 -0.785397
-13.5 6 7.5 -0.785397
-13.5 4.5 7.5 -1.5708
-15 3 7.5 -2.3562
-13.5 3 7.5 -0.785397
-12 3 7.5 -0.785397
-13.5 1.5 7.5 3.14159
-15 1.5 7.5 -2.3562
-15 0 7.5 2.3562
-15 -1.5 6 2.3562
-15 -3 4.5 0
-13.5 -3 4.5 2.3562
-13.5 -1.5 3 0
-13.5 0 3 3.14159
-13.5 1.5 3 3.14159
-15 1.5 3 0
-13.5 1.5 3 2.3562
-12 1.5 3 0
-10.5 1.5 3 0
-10.5 0 3 2.3562
-10.5 -1.5 3 2.3562
-10.5 -1.5 1.5 0
-12 -1.5 1.5 -0.785397
-13.5 -1.5 1.5 -1.5708
-15 -1.5 1.5 3.14159
-15 -3 3 0.785397
-16.5 -4.5 3 2.3562
-16.5 -4.5 3 0.785397
-18 -4.5 3 1.5708
-18 -6 4.5 1.5708
-19.5 -6 3 1.5708
-21 -4.5 3 1.5708
-22.5 -3 3 0.785397
-24 -1.5 3 0.785397
-24 0 4.5 0.785397
-24 1.5 4.5 1.5708
-24 3 4.5 0.785397
-24 3 4.5 0
-25.5 3 4.5 1.5708
-24 3 4.5 2.3562
-22.5 3 4.5 0.785397
-22.5 3 4.5 1.5708
-22.5 4.5 3 -0.785397
-21 4.5 3 0
-21 4.5 1.5 -0.785397
-22.5 3 1.5 0
-22.5 1.5 1.5 -0.785397
-21 1.5 3 0
-21 1.5 4.5 0.785397
-19.5 1.5 6 0.785397
-19.5 0 7.5 1.5708
-19.5 -1.5 7.5 0.785397
-19.5 -3 7.5 0.785397
-19.5 -3 7.5 1.5708
-18 -3 7.5 0.785397
-18 -3 7.5 1.5708
-18 -1.5 7.5 0.785397
-18 0 7.5 0
-18 0 7.5 1.5708
-18 0 7.5 2.3562
-16.5 0 7.5 -0.785397
-15 -1.5 7.5 0.785397
-15 -3 6 -0.785397
-15 -3 4.5 0.785397
-13.5 -3 4.5 -0.785397
-12 -3 3 1.5708
-12 -3 3 0
-12 -4.5 3 0.785397
-12 -4.5 1.5 -0.785397
-13.5 -4.5 3 1.5708
-15 -6 3 0
-15 -4.5 3 0.785397
-15 -4.5 1.5 0
-15 -4.5 0 0
-15 -4.5 1.5 0
-15 -3 3 1.5708
-13.5 -1.5 3 0.785397
-12 0 3 0
-10.5 -1.5 3 0.785397
-10.5 -1.5 1.5 -0.785397
-10.5 0 1.5 0
-9 1.5 1.5 0
-7.5 0 1.5 -0.785397
-9 1.5 1.5 -0.785397
-10.5 1.5 3 -0.785397
-10.5 1.5 3 2.3562
-10.5 0 3 0
-12 0 3 3.14159
-12 -1.5 3 0
-12 0 3 -0.785397
-13.5 -1.5 3 0
-13.5 -3 1.5 0
-13.5 -4.5 3 0
-13.5 -6 4.5 0
-13.5 -4.5 6 -0.785397
-12 -3 6 0
-10.5 -3 7.5 0.785397
-10.5 -3 6 0
-9 -1.5 6 -1.5708
-7.5 0 6 0
-7.5 0 6 0.785397
-7.5 1.5 6 0.785397
-9 1.5 6 0
-7.5 3 6 -0.785397
-6 1.5 6 -0.785397
-6 0 6 -0.785397
-4.5 1.5 6 -1.5708
-6 3 6 -0.785397
-4.5 4.5 6 -1.5708
-4.5 6 6 -1.5708
-4.5 7.5 6 -2.3562
-4.5 9 6 -0.785397
-6 7.5 6 0
-7.5 6 6 -0.785397
-7.5 4.5 6 0
-7.5 6 4.5 0
-7.5 6 3 0
-6 4.5 3 0
-6 3 1.5 0
-6 3 1.5 0.785397
-6 3 1.5 -0.785397
-6 4.5 3 0.785397
-4.5 4.5 4.5 -2.3562
-4.5 4.5 6 -0.785397
-4.5 3 6 -1.5708
-4.5 1.5 6 -0.785397
-4.5 0 6 0.785397
-4.5 -1.5 6 0.785397
-4.5 -1.5 7.5 -0.785397
-4.5 -1.5 9 0
-3 -1.5 10.5 -0.785397
-1.5 -1.5 9 0.785397
0 -1.5 9 0.785397
0 -3 9 0.785397
0 -4.5 9 0.785397
0 -6 9 0.785397
1.5 -4.5 9 1.5708
3 -4.5 7.5 0.785397
4.5 -4.5 6 0
6 -4.5 7.5 0
7.5 -4.5 7.5 0.785397
9 -4.5 7.5 2.3562
9 -6 6 0.785397
9 -7.5 6 1.5708
9 -9 6 2.3562
7.5 -10.5 6 3.14159
6 -10.5 4.5 2.3562
6 -10.5 3 3.14159
6 -10.5 1.5 2.3562
