3 -30 10.5 2.3562
4.5 -30 9 2.3562
4.5 -30 7.5 3.14159
4.5 -30 6 2.3562
6 -30 6 3.14159
6 -31.5 4.5 3.14159
4.5 -31.5 3 2.3562
4.5 -31.5 1.5 2.3562
4.5 -30 1.5 2.3562
4.5 -28.5 1.5 2.3562
4.5 -27 3 2.3562
4.5 -25.5 3 2.3562
4.5 -24 4.5 2.3562
6 -24 6 2.3562
6 -21 6 2.3562
6 -19.5 6 2.3562
6 -18 6 2.3562
6 -16.5 6 2.3562
6 -15 6 2.3562
6 -12 6 2.3562
6 -12 4.5 0.785397
6 -10.5 4.5 1.5708
6 -9 6 2.3562
7.5 -7.5 6 1.5708
6 -6 6 2.3562
6 -4.5 6 2.3562
6 -3 6 2.3562
7.5 -3 6 1.5708
7.5 -3 6 0.785397
6 -1.5 6 2.3562
6 0 6 2.3562
6 1.5 6 2.3562
6 3 6 0
6 4.5 6 2.3562
4.5 6 6 -0.785397
4.5 7.5 6 2.3562
4.5 7.5 4.5 -1.5708
6 9 3 3.14159
6 10.5 3 2.3562
6 12 3 2.3562
6 13.5 4.5 2.3562
6 13.5 6 3.14159
6 15 6 2.3562
6 16.5 6 2.3562
6 18 6 2.3562
6 19.5 6 2.3562
6 22.5 6 2.3562
4.5 22.5 7.5 2.3562
4.5 24 9 2.3562
