3 -30 10.5 2.3562
3 -30 9 2.3562
4.5 -30 9 3.14159
4.5 -30 7.5 2.3562
4.5 -30 6 2.3562
6 -30 6 3.14159
6 -31.5 6 3.14159
6 -31.5 4.5 2.3562
6 -31.5 4.5 3.14159
6 -30 4.5 2.3562
6 -30 3 3.14159
6 -28.5 3 2.3562
6 -27 3 2.3562
6 -25.5 3 2.3562
6 -24 3 2.3562
6 -22.5 3 2.3562
6 -21 3 2.3562
6 -19.5 3 2.3562
6 -18 3 2.3562
6 -16.5 3 2.3562
6 -15 3 2.3562
6 -13.5 3 0.785397
6 -12 3 2.3562
6 -10.5 3 1.5708
6 -10.5 1.5 2.3562
6 -12 1.5 0.785397
7.5 -12 1.5 1.5708
7.5 -12 3 0.785397
7.5 -12 4.5 3.14159
7.5 -10.5 4.5 2.3562
7.5 -9 4.5 1.5708
7.5 -9 6 3.14159
