3 -30 10.5 2.3562
4.5 -30 9 2.3562
4.5 -30 7.5 3.14159
4.5 -30 6 2.3562
6 -30 6 3.14159
6 -31.5 4.5 3.14159
4.5 -31.5 3 2.3562
4.5 -31.5 1.5 2.3562
4.5 -30 1.5 2.3562
4.5 -28.5 1.5 2.3562
4.5 -27 3 2.3562
4.5 -25.5 3 2.3562
4.5 -24 4.5 2.3562
6 -24 6 2.3562
6 -21 6 2.3562
6 -19.5 6 2.3562
6 -18 6 2.3562
6 -16.5 6 2.3562
6 -15 6 2.3562
6 -12 6 2.3562
6 -12 4.5 0.785397
6 -10.5 4.5 1.5708
6 -9 6 2.3562
7.5 -7.5 6 1.5708
6 -6 6 2.3562
6 -4.5 6 2.3562
6 -3 6 2.3562
7.5 -3 6 1.5708
7.5 -3 6 0.785397
6 -1.5 6 2.3562
6 0 6 2.3562
6 1.5 6 2.3562
6 3 6 0
6 4.5 6 2.3562
4.5 6 6 -0.785397
4.5 7.5 6 2.3562
4.5 7.5 4.5 -1.5708
6 9 3 3.14159
6 10.5 3 2.3562
6 12 3 2.3562
6 13.5 4.5 2.3562
6 13.5 6 3.14159
6 15 6 2.3562
6 16.5 6 2.3562
6 18 6 2.3562
6 19.5 6 2.3562
6 22.5 6 2.3562
4.5 22.5 7.5 2.3562
4.5 24 9 2.3562
4.5 25.5 9 2.3562
4.5 27 9 2.3562
4.5 27 9 1.5708
4.5 28.5 10.5 2.3562
4.5 28.5 9 0.785397
4.5 30 9 2.3562
6 30 9 0.785397
6 30 10.5 3.14159
6 30 10.5 -2.3562
6 31.5 10.5 -2.3562
7.5 33 9 -2.3562
6 33 9 3.14159
6 33 6 -2.3562
4.5 31.5 4.5 -2.3562
3 31.5 4.5 -2.3562
3 30 3 -2.3562
3 28.5 3 -2.3562
3 27 3 -2.3562
3 25.5 3 -2.3562
3 24 1.5 -2.3562
3 22.5 1.5 -2.3562
3 22.5 3 3.14159
3 21 3 -2.3562
3 21 1.5 -2.3562
1.5 19.5 1.5 -2.3562
0 19.5 1.5 -1.5708
-1.5 18 1.5 -1.5708
-3 18 3 1.5708
-4.5 18 3 -0.785397
-4.5 18 4.5 0.785397
-6 18 6 0
-6 16.5 6 -0.785397
-6 16.5 7.5 0
-6 13.5 7.5 -0.785397
-6 12 6 -0.785397
-6 10.5 4.5 -0.785397
-6 9 4.5 -1.5708
-6 7.5 4.5 -0.785397
-7.5 7.5 4.5 -2.3562
-7.5 6 3 -0.785397
-7.5 6 6 -1.5708
-7.5 4.5 6 0
-7.5 3 6 -0.785397
-7.5 1.5 6 -1.5708
-6 1.5 6 -0.785397
-4.5 0 6 -1.5708
-4.5 -1.5 6 -1.5708
-4.5 -1.5 7.5 -0.785397
-4.5 -1.5 9 0
-4.5 -3 9 -0.785397
-4.5 -4.5 9 -0.785397
-4.5 -7.5 9 -0.785397
-4.5 -9 9 -0.785397
-4.5 -10.5 9 -0.785397
-4.5 -10.5 6 2.3562
-6 -12 4.5 0.785397
-6 -12 3 2.3562
-6 -13.5 3 0
-6 -15 3 -0.785397
-6 -15 6 -0.785397
-6 -15 6 0.785397
-6 -18 6 -0.785397
-6 -19.5 6 -0.785397
-6 -22.5 6 -0.785397
-6 -22.5 3 0
-6 -24 3 -0.785397
-6 -25.5 3 -0.785397
-6 -27 3 -0.785397
-6 -28.5 3 -0.785397
-6 -28.5 6 0
-6 -30 6 -0.785397
-6 -31.5 6 0
-4.5 -33 7.5 0
-4.5 -31.5 9 0.785397
-4.5 -30 9 0.785397
-3 -28.5 9 1.5708
-3 -25.5 9 0.785397
-3 -22.5 9 0.785397
-1.5 -21 9 1.5708
-1.5 -19.5 9 1.5708
0 -19.5 9 -0.785397
0 -16.5 9 1.5708
0 -13.5 9 1.5708
0 -12 9 1.5708
0 -10.5 9 0.785397
0 -9 9 1.5708
1.5 -7.5 9 1.5708
3 -7.5 7.5 1.5708
4.5 -7.5 6 0
6 -9 4.5 3.14159
6 -9 3 2.3562
6 -10.5 3 3.14159
6 -12 3 0.785397
6 -13.5 3 3.14159
6 -15 3 -2.3562
6 -16.5 3 -2.3562
6 -18 3 3.14159
6 -19.5 3 3.14159
6 -21 3 3.14159
6 -21 6 -2.3562
6 -21 3 2.3562
4.5 -22.5 1.5 -2.3562
3 -22.5 1.5 3.14159
3 -19.5 1.5 3.14159
4.5 -18 1.5 -2.3562
4.5 -15 1.5 1.5708
3 -13.5 1.5 2.3562
3 -12 1.5 1.5708
1.5 -12 1.5 2.3562
3 -10.5 1.5 0.785397
3 -9 1.5 0.785397
4.5 -7.5 1.5 1.5708
4.5 -6 1.5 1.5708
